int sine_i[128]={ 
0,
6393,
12539,
18204,
23170,
27245,
30273,
32137,
32767,
32137,
30273,
27245,
23170,
18204,
12539,
6393,
0,
-6393,
-12539,
-18204,
-23170,
-27245,
-30273,
-32137,
-32767,
-32137,
-30273,
-27245,
-23170,
-18204,
-12539,
-6393,
0,
6393,
12539,
18204,
23170,
27245,
30273,
32137,
32767,
32137,
30273,
27245,
23170,
18204,
12539,
6393,
0,
-6393,
-12539,
-18204,
-23170,
-27245,
-30273,
-32137,
-32767,
-32137,
-30273,
-27245,
-23170,
-18204,
-12539,
-6393,
0,
6393,
12539,
18204,
23170,
27245,
30273,
32137,
32767,
32137,
30273,
27245,
23170,
18204,
12539,
6393,
0,
-6393,
-12539,
-18204,
-23170,
-27245,
-30273,
-32137,
-32767,
-32137,
-30273,
-27245,
-23170,
-18204,
-12539,
-6393,
0,
6393,
12539,
18204,
23170,
27245,
30273,
32137,
32767,
32137,
30273,
27245,
23170,
18204,
12539,
6393,
0,
-6393,
-12539,
-18204,
-23170,
-27245,
-30273,
-32137,
-32767,
-32137,
-30273,
-27245,
-23170,
-18204,
-12539,
-6393,
};